1064
756
1068
1063
1
1095
1004
964
813
297
1043
1086
45
44
802
801
29
1084
999
2
990
1015
1044
276
16
1096
991
1087
961
836
1073
7
761
30
1000
1038
1039
1040
1035
1036
1037
1067
996
962
85
86
87
773
775
769
1092
980
1050
977
963
1061
1013
1054
270
758
299
1056
89
48
1045
770
771
1081
28
31
1065
1029
1041
1049
279
300
1003
982
965
966
805
271
272
273
1006
784
1097
1019
1093
286
798
1098
113
114
115
116
117
816
118
1007
1042
90
91
92
1016
93
274
975
1046
822
1094
812
1005
803
1012
1008
287
282
1047
275
833
22
1077
1105
1106
1066
1070
1088
967
1009
1062
288
998
1048
1091
301
1052
1051
302
290
23
32
1055
1107
60
72
755
1001
1079
